1 2 10000
1 15 10000
1 17 10000
1 18 10000
1 20 10000
1 23 10000
1 24 10000
2 15 10000
2 19 10000
2 21 10000
2 22 10000
2 25 10000
2 26 10000
3 24 10000
3 25 10000
3 4 10000
4 19 10000
4 18 10000
5 20 10000
5 22 10000
5 6 10000
6 17 10000
6 21 10000
7 8 10000
7 26 10000
7 23 10000
8 17 10000
8 21 10000
9 17 10000
9 10 10000
9 21 10000
10 26 10000
10 23 10000
11 18 10000
11 19 10000
11 12 10000
12 24 10000
12 25 10000
13 17 10000
13 21 10000
13 14 10000
14 20 10000
14 22 10000
15 16 10000
16 18 10000
16 19 10000
2 1 10000
15 1 10000
17 1 10000
18 1 10000
20 1 10000
23 1 10000
24 1 10000
15 2 10000
19 2 10000
21 2 10000
22 2 10000
25 2 10000
26 2 10000
24 3 10000
25 3 10000
4 3 10000
19 4 10000
18 4 10000
20 5 10000
22 5 10000
6 5 10000
17 6 10000
21 6 10000
8 7 10000
26 7 10000
23 7 10000
17 8 10000
21 8 10000
17 9 10000
10 9 10000
21 9 10000
26 10 10000
23 10 10000
18 11 10000
19 11 10000
12 11 10000
24 12 10000
25 12 10000
17 13 10000
21 13 10000
14 13 10000
20 14 10000
22 14 10000
16 15 10000
18 16 10000
19 16 10000