1 201 10000
1 202 10000
1 2 10000
2 201 10000
2 202 10000
201 202 10000
31 201 10000
32 201 10000
33 201 10000
34 201 10000
36 201 10000
38 201 10000
304 201 10000
310 201 10000
311 201 10000
320 201 10000
330 201 10000
340 201 10000
350 201 10000
360 201 10000
370 201 10000
380 201 10000
390 201 10000
79 201 10000
306 201 10000
341 201 10000
667 201 10000
31 202 10000
32 202 10000
33 202 10000
34 202 10000
36 202 10000
38 202 10000
304 202 10000
310 202 10000
311 202 10000
320 202 10000
330 202 10000
340 202 10000
350 202 10000
360 202 10000
370 202 10000
380 202 10000
390 202 10000
79 202 10000
306 202 10000
341 202 10000
667 202 10000
201 1 10000
202 1 10000
2 1 10000
201 2 10000
202 2 10000
202 201 10000
201 31 10000
201 32 10000
201 33 10000
201 34 10000
201 36 10000
201 38 10000
201 304 10000
201 310 10000
201 311 10000
201 320 10000
201 330 10000
201 340 10000
201 350 10000
201 360 10000
201 370 10000
201 380 10000
201 390 10000
201 79 10000
201 306 10000
201 341 10000
201 667 10000
202 31 10000
202 32 10000
202 33 10000
202 34 10000
202 36 10000
202 38 10000
202 304 10000
202 310 10000
202 311 10000
202 320 10000
202 330 10000
202 340 10000
202 350 10000
202 360 10000
202 370 10000
202 380 10000
202 390 10000
202 79 10000
202 306 10000
202 341 10000
202 667 10000